[[7.39560164e-06 2.50316191e-07 4.17840929e-04 ... 4.20033175e-05
  7.47579243e-03 1.03783034e-01]
 [1.09523972e-08 1.26447386e-11 3.95900273e-08 ... 6.07473316e-09
  1.05317781e-07 2.28092627e-04]
 [1.13407664e-01 8.68140251e-06 8.32929611e-01 ... 4.17344645e-02
  5.54238306e-03 6.34071976e-03]
 ...
 [7.63656317e-06 1.36989485e-07 4.05737836e-07 ... 1.22978599e-05
  2.74726631e-07 5.99662599e-04]
 [2.24191899e-05 1.33915904e-07 9.99631763e-01 ... 2.09628619e-04
  7.55537576e-06 9.93792564e-05]
 [2.92138639e-03 1.65668298e-05 5.19576855e-02 ... 2.35703681e-03
  9.40006435e-01 4.72146312e-05]]